{
 "cells": [
  {
   "cell_type": "code",
   "execution_count": 1,
   "metadata": {
    "jupyter": {
     "source_hidden": true
    }
   },
   "outputs": [],
   "source": [
    "from pathlib import Path\n",
    "import sys\n",
    "parent_path = str(Path().joinpath('..').resolve())\n",
    "sys.path.append(parent_path)\n",
    "\n",
    "from triple_agent.replays.get_parsed_replays import get_parsed_replays\n",
    "from triple_agent.utilities.event_constants import select_scl5_with_drops\n",
    "from triple_agent.reports.action_tests import _at_rates_excluding_difficults\n",
    "from triple_agent.reports.plot_utilities import create_data_dictionaries, tableize_data_dict\n",
    "from triple_agent.utilities.action_tests import ActionTest\n",
    "from tabulate import tabulate\n",
    "import json"
   ]
  },
  {
   "cell_type": "code",
   "execution_count": 3,
   "metadata": {
    "jupyter": {
     "source_hidden": true
    }
   },
   "outputs": [],
   "source": [
    "scl5_replays = get_parsed_replays(select_scl5_with_drops)\n",
    "all_replays = get_parsed_replays(lambda x: True)"
   ]
  },
  {
   "cell_type": "code",
   "execution_count": 4,
   "metadata": {},
   "outputs": [],
   "source": [
    "scl5_data_dict, scl5_data_dict_percent = create_data_dictionaries(scl5_replays, _at_rates_excluding_difficults, lambda game: game.spy)\n",
    "all_data_dict, all_data_dict_percent = create_data_dictionaries(all_replays, _at_rates_excluding_difficults, lambda game: game.spy)"
   ]
  },
  {
   "cell_type": "code",
   "execution_count": 5,
   "metadata": {},
   "outputs": [],
   "source": [
    "scl5_data_table, scl5_headers = tableize_data_dict(\n",
    "    scl5_data_dict_percent,\n",
    "    ActionTest,\n",
    "    title='SCL5 Spy Action Test %',\n",
    "    excluded_header_values=[ActionTest.NoAT]\n",
    ")\n",
    "\n",
    "all_data_table, all_headers = tableize_data_dict(\n",
    "    all_data_dict_percent,\n",
    "    ActionTest,\n",
    "    title='All Games Spy Action Test %',\n",
    "    excluded_header_values=[ActionTest.NoAT]\n",
    ")"
   ]
  },
  {
   "cell_type": "code",
   "execution_count": 6,
   "metadata": {},
   "outputs": [],
   "source": [
    "scl5_nice_name_character_dict = {player:{character.name:rate for character,rate in sub_dict.items()} for player,sub_dict in scl5_data_dict_percent.items()}\n",
    "all_nice_name_character_dict = {player:{character.name:rate for character,rate in sub_dict.items()} for player,sub_dict in all_data_dict_percent.items()}\n",
    "\n",
    "with open('json/action_test_scl5.json', 'w') as at_json_out:\n",
    "    json.dump(scl5_nice_name_character_dict, at_json_out)\n",
    "\n",
    "with open('json/action_test_all.json', 'w') as at_json_out:\n",
    "    json.dump(all_nice_name_character_dict, at_json_out)"
   ]
  },
  {
   "cell_type": "markdown",
   "metadata": {},
   "source": [
    "#### The following table includes data from **all available SCL5 regular season games**."
   ]
  },
  {
   "cell_type": "code",
   "execution_count": 7,
   "metadata": {},
   "outputs": [
    {
     "name": "stdout",
     "output_type": "stream",
     "text": [
      "SCL5 Spy Action Test %      Green    White    Ignored    Red    Canceled\n",
      "------------------------  -------  -------  ---------  -----  ----------\n",
      "Alexare                    34.72%   62.26%      0.00%  2.64%       0.38%\n",
      "alibi                      28.93%   67.77%      0.00%  1.24%       2.07%\n",
      "alteffor                   26.83%   68.90%      0.61%  2.44%       1.22%\n",
      "amlabella                  43.94%   53.98%      0.00%  1.38%       0.69%\n",
      "AndiVx                     32.82%   63.08%      0.51%  2.56%       1.03%\n",
      "arturiax                   35.61%   60.61%      0.38%  1.89%       1.52%\n",
      "ascendbeyond               38.29%   57.14%      0.00%  2.86%       1.71%\n",
      "bananaconda                30.58%   61.87%      3.24%  2.16%       2.16%\n",
      "belial                     24.74%   74.23%      0.00%  1.03%       0.00%\n",
      "brskaylor                  41.18%   54.41%      0.00%  1.47%       2.94%\n",
      "Calvin Schoolidge          31.21%   57.80%      4.96%  4.61%       1.42%\n",
      "canadianbacon              48.72%   48.72%      0.37%  1.47%       0.73%\n",
      "Cartwright                 50.69%   46.88%      0.00%  0.69%       1.74%\n",
      "checker                    30.28%   67.43%      0.00%  1.83%       0.46%\n",
      "cleetose                   30.04%   66.26%      0.41%  3.29%       0.00%\n",
      "daheadhunter               31.53%   64.04%      0.00%  3.45%       0.99%\n",
      "davidw                     42.49%   54.21%      0.37%  2.56%       0.37%\n",
      "dbdkmezz                   21.43%   71.43%      3.06%  2.72%       1.36%\n",
      "degran                     35.59%   61.36%      0.68%  1.36%       1.02%\n",
      "dels                       48.88%   48.88%      0.90%  1.35%       0.00%\n",
      "dowsey                     45.53%   51.75%      0.00%  1.95%       0.78%\n",
      "dukit                      30.49%   65.04%      1.63%  2.03%       0.81%\n",
      "ekajarmstro                44.61%   52.19%      1.17%  1.17%       0.87%\n",
      "falconhit                  44.88%   52.81%      0.00%  1.65%       0.66%\n",
      "fancypants                 28.62%   67.76%      1.64%  1.32%       0.66%\n",
      "furbyfubar                 35.69%   58.59%      0.67%  4.04%       1.01%\n",
      "gabrio                     41.83%   55.51%      0.00%  1.90%       0.76%\n",
      "gmantsang                  31.54%   61.41%      4.56%  1.24%       1.24%\n",
      "Harren                     25.86%   71.98%      0.43%  0.86%       0.86%\n",
      "Hectic                     57.28%   40.78%      0.00%  1.94%       0.00%\n",
      "howiie                     24.64%   67.30%      2.37%  5.21%       0.47%\n",
      "humankirby                 37.22%   59.64%      0.00%  2.24%       0.90%\n",
      "hunu                       26.97%   65.45%      6.36%  0.91%       0.30%\n",
      "iggythegrifter             34.85%   61.62%      1.52%  2.02%       0.00%\n",
      "InfamousCupcake            29.19%   67.94%      0.00%  1.91%       0.96%\n",
      "jd105l                     41.76%   54.95%      2.20%  1.10%       0.00%\n",
      "juliusb                    28.30%   62.26%      3.77%  5.66%       0.00%\n",
      "jyaty                      38.29%   59.91%      0.00%  0.90%       0.90%\n",
      "kcmmmmm                    50.00%   44.02%      0.85%  4.27%       0.85%\n",
      "Kmars133                   27.31%   69.74%      0.00%  2.58%       0.37%\n",
      "Kotte                      36.29%   60.08%      0.81%  1.61%       1.21%\n",
      "krazycaley                 47.62%   49.21%      0.00%  2.38%       0.79%\n",
      "lazybear                   53.36%   43.28%      0.00%  1.26%       2.10%\n",
      "Legorve Genine             32.06%   58.37%      3.35%  4.78%       1.44%\n",
      "Libro                      42.86%   53.57%      2.38%  0.00%       1.19%\n",
      "linkvanyali                33.33%   63.64%      3.03%  0.00%       0.00%\n",
      "magicdoer1                 43.37%   45.88%      5.73%  3.58%       1.43%\n",
      "magician1099               34.50%   60.85%      0.39%  3.10%       1.16%\n",
      "Max Edward Snax            38.17%   58.02%      0.00%  2.67%       1.15%\n",
      "mintyrug                   41.45%   55.26%      0.66%  2.63%       0.00%\n",
      "ml726                      40.77%   51.54%      1.54%  2.31%       3.85%\n",
      "monaters                   28.77%   65.75%      0.00%  4.57%       0.91%\n",
      "mrrgrs                     36.16%   59.41%      0.74%  2.95%       0.74%\n",
      "mrtwister                  27.94%   64.13%      0.32%  6.35%       1.27%\n",
      "ninjafairy                 28.75%   67.92%      0.00%  1.67%       1.67%\n",
      "OpiWrites                  49.81%   46.77%      0.38%  1.52%       1.52%\n",
      "orac                       28.63%   66.67%      1.18%  1.57%       1.96%\n",
      "paratroopa                 28.24%   68.24%      0.00%  1.57%       1.96%\n",
      "phimagen                   15.33%   80.00%      0.00%  4.67%       0.00%\n",
      "PixelBandit                 0.00%   80.00%     20.00%  0.00%       0.00%\n",
      "Pizzelio                   39.51%   57.41%      1.23%  1.23%       0.62%\n",
      "pofke                      37.72%   54.39%      5.26%  1.75%       0.88%\n",
      "portalfreek                41.44%   54.50%      1.80%  1.35%       0.90%\n",
      "pox                        43.53%   52.16%      3.53%  0.39%       0.39%\n",
      "pwndnoob                   43.75%   52.94%      0.37%  1.10%       1.84%\n",
      "quicklime                  37.45%   55.81%      3.75%  0.75%       2.25%\n",
      "Rai                        28.75%   68.75%      0.00%  0.00%       2.50%\n",
      "Ranmilia                   38.46%   59.34%      0.73%  1.10%       0.37%\n",
      "Rooks                      47.66%   49.61%      0.00%  1.95%       0.78%\n",
      "rooks                      32.35%   64.71%      0.00%  2.94%       0.00%\n",
      "royalflush                 38.14%   58.05%      0.42%  2.12%       1.27%\n",
      "rta                        14.29%   85.71%      0.00%  0.00%       0.00%\n",
      "Ryooo                      44.48%   50.18%      3.56%  0.71%       1.07%\n",
      "scallions                  45.96%   51.84%      0.37%  0.74%       1.10%\n",
      "sergioc89                  39.39%   56.57%      1.01%  2.02%       1.01%\n",
      "sgnurf                     32.30%   64.16%      0.88%  1.33%       1.33%\n",
      "Sheph                      40.31%   49.22%      3.49%  5.43%       1.55%\n",
      "Silverthorn                36.42%   57.80%      0.58%  2.89%       2.31%\n",
      "skrewwl00se                52.03%   45.95%      0.34%  1.69%       0.00%\n",
      "slappydavis                46.49%   47.16%      0.33%  5.02%       1.00%\n",
      "Smiddy                     35.00%   63.57%      0.00%  1.43%       0.00%\n",
      "smonteGaming               34.02%   59.79%      0.34%  3.78%       2.06%\n",
      "soolseem                   33.19%   57.98%      5.46%  2.52%       0.84%\n",
      "spedmonkey                 46.05%   50.52%      2.75%  0.69%       0.00%\n",
      "Sun Bro                    41.91%   55.78%      0.66%  1.32%       0.33%\n",
      "sykosloth                  45.14%   51.39%      0.69%  1.74%       1.04%\n",
      "Tabsies                    33.68%   49.83%     11.34%  3.09%       2.06%\n",
      "tflameee                   41.47%   53.00%      3.69%  0.92%       0.92%\n",
      "tge                        58.33%   37.50%      0.00%  4.17%       0.00%\n",
      "ThatOdinaryPlayer          56.41%   38.46%      0.00%  5.13%       0.00%\n",
      "the_usual_toaster          28.33%   56.22%      8.58%  5.15%       1.72%\n",
      "TheSmiddy                  36.28%   61.06%      0.00%  1.77%       0.88%\n",
      "Tortuga-Man                25.35%   67.61%      1.41%  4.23%       1.41%\n",
      "turnipboy                  42.46%   54.74%      0.35%  1.75%       0.70%\n",
      "turnout8                   37.05%   61.61%      0.00%  1.34%       0.00%\n",
      "umbertofinito              13.33%   84.44%      1.11%  0.00%       1.11%\n",
      "Vac58                      38.87%   57.09%      0.40%  2.83%       0.81%\n",
      "ventuskitsune              36.21%   61.32%      0.00%  1.23%       1.23%\n",
      "Vlady                      57.14%   42.86%      0.00%  0.00%       0.00%\n",
      "warningtrack               53.82%   38.87%      6.31%  0.66%       0.33%\n",
      "Watermeat                  33.81%   61.21%      3.20%  1.07%       0.71%\n",
      "wodar                      43.51%   52.29%      0.76%  2.67%       0.76%\n",
      "yeesh                      48.18%   48.64%      0.00%  1.82%       1.36%\n",
      "yerand                     32.16%   63.92%      0.00%  1.96%       1.96%\n",
      "Yglini                     32.46%   63.60%      0.00%  3.07%       0.88%\n",
      "zerodoom                   28.76%   68.24%      0.00%  1.72%       1.29%\n"
     ]
    }
   ],
   "source": [
    "print(tabulate(scl5_data_table, scl5_headers, floatfmt=\"0.2%\"))"
   ]
  },
  {
   "cell_type": "markdown",
   "metadata": {},
   "source": [
    "#### The following table includes data from **all available parsed replays**."
   ]
  },
  {
   "cell_type": "code",
   "execution_count": 8,
   "metadata": {},
   "outputs": [
    {
     "name": "stdout",
     "output_type": "stream",
     "text": [
      "All Games Spy Action Test %      Green    White    Ignored     Red    Canceled\n",
      "-----------------------------  -------  -------  ---------  ------  ----------\n",
      "abearrawr                       41.07%   53.92%      1.25%   3.45%       0.31%\n",
      "Alexare                         34.26%   61.95%      0.80%   2.39%       0.60%\n",
      "alibi                           28.93%   67.77%      0.00%   1.24%       2.07%\n",
      "alteffor                        26.83%   68.90%      0.61%   2.44%       1.22%\n",
      "amlabella                       44.20%   53.78%      0.17%   1.01%       0.84%\n",
      "and                             58.33%   41.67%      0.00%   0.00%       0.00%\n",
      "AndiVx                          32.82%   63.08%      0.51%   2.56%       1.03%\n",
      "arturiax                        36.72%   60.41%      0.16%   1.91%       0.79%\n",
      "ascendbeyond                    38.29%   57.14%      0.00%   2.86%       1.71%\n",
      "badplayer                       35.31%   61.54%      0.00%   2.80%       0.35%\n",
      "baldrick                        43.15%   50.68%      1.37%   4.79%       0.00%\n",
      "bananaconda                     30.58%   61.87%      3.24%   2.16%       2.16%\n",
      "basshead                        39.37%   55.56%      0.00%   3.17%       1.90%\n",
      "bayushi                         28.21%   69.74%      0.51%   0.51%       1.03%\n",
      "belial                          27.09%   67.88%      1.40%   1.96%       1.68%\n",
      "bitbandingpig                   46.70%   50.72%      0.57%   0.57%       1.43%\n",
      "blackjack66                     66.67%   33.33%      0.00%   0.00%       0.00%\n",
      "bloom                           47.32%   49.53%      0.00%   2.21%       0.95%\n",
      "bluspacecrab                    55.83%   39.17%      0.00%   4.17%       0.83%\n",
      "brskaylor                       40.00%   56.92%      0.00%   1.85%       1.23%\n",
      "butterscotch                    41.77%   55.70%      0.00%   1.27%       1.27%\n",
      "c00n                            22.22%   74.07%      0.00%   3.70%       0.00%\n",
      "c0vered                         35.66%   61.24%      0.00%   1.55%       1.55%\n",
      "c9high                          47.40%   42.86%      0.65%   5.84%       3.25%\n",
      "Calvin Schoolidge               31.03%   60.21%      3.98%   3.71%       1.06%\n",
      "cameraman                       49.55%   43.24%      1.80%   5.41%       0.00%\n",
      "canadianbacon                   45.45%   50.91%      0.33%   2.31%       0.99%\n",
      "Cartwright                      51.56%   46.76%      0.00%   0.48%       1.20%\n",
      "catnip                          27.41%   68.40%      1.98%   1.73%       0.49%\n",
      "Cerinn                          36.17%   61.70%      0.00%   1.42%       0.71%\n",
      "checker                         29.44%   66.67%      0.43%   3.03%       0.43%\n",
      "cleetose                        37.25%   60.27%      0.23%   2.03%       0.23%\n",
      "cronk                           56.06%   38.89%      0.51%   1.01%       3.54%\n",
      "daheadhunter                    31.53%   64.04%      0.00%   3.45%       0.99%\n",
      "darkersolstice                  22.11%   70.53%      1.05%   6.32%       0.00%\n",
      "davidw                          41.06%   54.84%      0.14%   3.41%       0.55%\n",
      "dbdkmezz                        24.09%   68.19%      4.57%   1.57%       1.57%\n",
      "degran                          31.75%   63.32%      1.82%   1.82%       1.28%\n",
      "dels                            48.88%   48.88%      0.90%   1.35%       0.00%\n",
      "doomedbunnies                   38.39%   57.82%      0.00%   3.32%       0.47%\n",
      "dowsey                          46.00%   50.98%      0.15%   1.81%       1.06%\n",
      "drawnonward                     40.66%   57.14%      0.00%   1.10%       1.10%\n",
      "dukit                           31.02%   64.69%      1.43%   2.04%       0.82%\n",
      "ekajarmstro                     44.61%   52.19%      1.17%   1.17%       0.87%\n",
      "elvisnake                       30.71%   62.92%      0.37%   3.75%       2.25%\n",
      "essem                           39.39%   58.59%      1.01%   1.01%       0.00%\n",
      "falconhit                       45.10%   51.52%      0.17%   2.20%       1.01%\n",
      "fancypants                      26.19%   70.31%      1.44%   1.44%       0.62%\n",
      "fourliberties                   20.83%   75.00%      0.00%   0.00%       4.17%\n",
      "Frostie                         39.06%   59.38%      0.00%   1.56%       0.00%\n",
      "furbyfubar                      35.69%   58.59%      0.67%   4.04%       1.01%\n",
      "gabrio                          41.58%   55.67%      0.00%   1.72%       1.03%\n",
      "gmantsang                       36.10%   56.55%      4.79%   1.28%       1.28%\n",
      "gregdebonis                     38.30%   59.57%      0.00%   0.00%       2.13%\n",
      "Harren                          25.86%   71.98%      0.43%   0.86%       0.86%\n",
      "Hectic                          57.28%   40.78%      0.00%   1.94%       0.00%\n",
      "hjkatz                          27.20%   63.20%      0.80%   8.00%       0.80%\n",
      "howiie                          25.19%   66.54%      2.26%   5.26%       0.75%\n",
      "humankirby                      37.53%   58.19%      0.00%   3.33%       0.95%\n",
      "hunu                            26.44%   66.35%      5.77%   0.72%       0.72%\n",
      "iggythegrifter                  34.52%   61.23%      1.18%   2.36%       0.71%\n",
      "incnone                         52.07%   44.21%      2.48%   0.83%       0.41%\n",
      "InfamousCupcake                 29.19%   67.94%      0.00%   1.91%       0.96%\n",
      "isauragard                      27.88%   58.65%      3.85%   5.77%       3.85%\n",
      "jackoburst                      33.80%   64.08%      0.00%   1.41%       0.70%\n",
      "james1221                       36.43%   61.79%      0.00%   1.79%       0.00%\n",
      "jd105l                          41.76%   54.95%      2.20%   1.10%       0.00%\n",
      "jecat                           42.17%   51.81%      4.82%   1.20%       0.00%\n",
      "jinetic                         31.98%   65.32%      0.45%   1.35%       0.90%\n",
      "Joez                            57.14%   39.68%      0.00%   1.59%       1.59%\n",
      "josiemccoy                      28.12%   67.19%      1.56%   3.12%       0.00%\n",
      "juliusb                         28.30%   62.26%      3.77%   5.66%       0.00%\n",
      "jyaty                           41.11%   56.67%      0.00%   1.11%       1.11%\n",
      "kaplow                          31.25%   56.25%      3.12%   6.25%       3.12%\n",
      "kcmmmmm                         46.60%   49.13%      0.39%   3.50%       0.39%\n",
      "Kmars133                        28.17%   67.80%      0.00%   3.10%       0.93%\n",
      "Kotte                           39.66%   57.45%      0.48%   1.44%       0.96%\n",
      "krazycaley                      46.83%   50.72%      0.00%   1.59%       0.86%\n",
      "lazybear                        46.82%   49.31%      0.14%   1.80%       1.93%\n",
      "leftylink                       32.48%   62.39%      0.00%   4.27%       0.85%\n",
      "Legorve Genine                  33.18%   57.73%      3.18%   4.55%       1.36%\n",
      "Libro                           42.86%   53.57%      2.38%   0.00%       1.19%\n",
      "linkvanyali                     33.33%   63.64%      3.03%   0.00%       0.00%\n",
      "magicdoer1                      40.29%   51.28%      4.03%   2.38%       2.01%\n",
      "magician1099                    35.20%   59.22%      0.19%   4.66%       0.74%\n",
      "marimo                          35.18%   58.29%      0.50%   4.52%       1.51%\n",
      "mastrblastr                     39.25%   59.81%      0.00%   0.93%       0.00%\n",
      "Max Edward Snax                 39.96%   56.29%      0.00%   2.43%       1.32%\n",
      "mintyrug                        39.29%   56.35%      0.79%   2.38%       1.19%\n",
      "mistajinxy                      40.34%   55.04%      0.42%   2.10%       2.10%\n",
      "ml726                           39.80%   52.24%      2.99%   3.23%       1.74%\n",
      "monaters                        29.29%   65.09%      0.30%   4.44%       0.89%\n",
      "moon                            42.03%   55.07%      0.00%   1.45%       1.45%\n",
      "motionblur                      32.40%   59.20%      5.20%   2.40%       0.80%\n",
      "mrrgrs                          36.01%   59.83%      0.55%   2.77%       0.83%\n",
      "mrtwister                       27.94%   64.13%      0.32%   6.35%       1.27%\n",
      "mvem                            28.57%   59.74%      5.19%   5.19%       1.30%\n",
      "nanthelas                       44.12%   53.59%      0.00%   1.63%       0.65%\n",
      "ninjafairy                      28.75%   67.92%      0.00%   1.67%       1.67%\n",
      "ohgodaguy                       32.84%   65.67%      0.50%   1.00%       0.00%\n",
      "OpiWrites                       51.39%   45.14%      0.46%   1.62%       1.39%\n",
      "orac                            25.51%   70.43%      1.16%   1.16%       1.74%\n",
      "paragon12321                    27.56%   66.67%      1.33%   3.11%       1.33%\n",
      "paratroopa                      28.24%   68.24%      0.00%   1.57%       1.96%\n",
      "pash1k                          39.33%   58.99%      0.00%   1.12%       0.56%\n",
      "phimagen                        15.33%   80.00%      0.00%   4.67%       0.00%\n",
      "pires                           43.41%   55.04%      0.00%   0.78%       0.78%\n",
      "PixelBandit                      0.00%   80.00%     20.00%   0.00%       0.00%\n",
      "Pizzelio                        39.51%   57.41%      1.23%   1.23%       0.62%\n",
      "plastikqs                       54.98%   41.92%      0.34%   2.06%       0.69%\n",
      "pofke                           37.47%   52.14%      6.32%   2.93%       1.13%\n",
      "portalfreek                     44.66%   48.93%      1.50%   1.92%       2.99%\n",
      "pox                             39.63%   54.85%      3.51%   1.51%       0.50%\n",
      "pressftopayrespect              45.95%   45.95%      2.70%   2.70%       2.70%\n",
      "pwndnoob                        44.98%   51.36%      0.32%   2.07%       1.28%\n",
      "quicklime                       36.12%   57.86%      2.84%   1.51%       1.67%\n",
      "Rai                             28.75%   68.75%      0.00%   0.00%       2.50%\n",
      "Ranmilia                        38.27%   59.57%      0.72%   1.08%       0.36%\n",
      "realofoxtrot                    36.00%   60.00%      1.00%   3.00%       0.00%\n",
      "redscharlach                    34.02%   61.86%      0.00%   1.55%       2.58%\n",
      "Rooks                           47.66%   49.61%      0.00%   1.95%       0.78%\n",
      "rooks                           32.35%   64.71%      0.00%   2.94%       0.00%\n",
      "royalflush                      39.04%   58.17%      0.20%   1.39%       1.20%\n",
      "rta                             29.17%   67.86%      0.60%   1.79%       0.60%\n",
      "Ryooo                           47.89%   46.88%      2.01%   1.81%       1.41%\n",
      "Ryooo*                          43.45%   54.48%      0.00%   1.38%       0.69%\n",
      "s76561197960665911              33.33%   63.64%      0.00%   3.03%       0.00%\n",
      "s76561197962211538              26.09%   73.04%      0.00%   0.87%       0.00%\n",
      "s76561197962409465              27.55%   67.35%      1.02%   2.04%       2.04%\n",
      "s76561197993456144              47.62%   52.38%      0.00%   0.00%       0.00%\n",
      "s76561197995352411              48.24%   49.41%      0.00%   2.35%       0.00%\n",
      "s76561197998032388              36.46%   60.22%      0.00%   3.31%       0.00%\n",
      "s76561198018620847              28.07%   66.67%      0.88%   2.63%       1.75%\n",
      "s76561198028019690              36.36%   54.55%      0.00%   7.79%       1.30%\n",
      "s76561198045758510              43.28%   49.25%      2.99%   2.99%       1.49%\n",
      "s76561198054993175              42.31%   52.88%      0.96%   1.92%       1.92%\n",
      "s76561198202214763              32.00%   56.00%      0.00%  12.00%       0.00%\n",
      "scallions                       44.47%   51.84%      0.97%   1.75%       0.97%\n",
      "sergioc89                       39.39%   56.57%      1.01%   2.02%       1.01%\n",
      "sgnurf                          36.41%   59.71%      0.73%   1.21%       1.94%\n",
      "sharper                         26.56%   63.90%      2.07%   5.39%       2.07%\n",
      "Sheph                           38.79%   53.04%      2.34%   4.21%       1.64%\n",
      "sikeeatric                      29.02%   66.67%      1.18%   2.75%       0.39%\n",
      "Silverthorn                     36.42%   57.80%      0.58%   2.89%       2.31%\n",
      "skrewwl00se                     50.36%   47.72%      0.24%   1.68%       0.00%\n",
      "slappydavis                     44.01%   51.28%      0.20%   3.73%       0.79%\n",
      "Smiddy                          35.11%   63.12%      0.00%   1.77%       0.00%\n",
      "smonteGaming                    33.99%   59.61%      0.49%   3.94%       1.97%\n",
      "soolseem                        31.17%   60.17%      4.55%   2.81%       1.30%\n",
      "spedmonkey                      46.05%   50.52%      2.75%   0.69%       0.00%\n",
      "steph                           36.62%   59.15%      0.00%   4.23%       0.00%\n",
      "strobo                          36.36%   62.34%      0.00%   1.30%       0.00%\n",
      "Sun Bro                         41.91%   55.78%      0.66%   1.32%       0.33%\n",
      "sykosloth                       45.14%   51.39%      0.69%   1.74%       1.04%\n",
      "Tabsies                         33.68%   49.83%     11.34%   3.09%       2.06%\n",
      "TarekMak                        44.86%   53.27%      0.00%   0.93%       0.93%\n",
      "teetery                         32.79%   64.78%      0.81%   0.81%       0.81%\n",
      "tflameee                        41.47%   53.00%      3.69%   0.92%       0.92%\n",
      "tge                             58.33%   37.50%      0.00%   4.17%       0.00%\n",
      "ThatOdinaryPlayer               56.41%   38.46%      0.00%   5.13%       0.00%\n",
      "the_usual_toaster               31.47%   54.55%      7.69%   4.90%       1.40%\n",
      "TheAlpacalypse                  30.77%   53.85%      7.69%   7.69%       0.00%\n",
      "TheSmiddy                       36.28%   61.06%      0.00%   1.77%       0.88%\n",
      "toamini                          0.00%    0.00%    100.00%   0.00%       0.00%\n",
      "Tortuga-Man                     25.35%   67.61%      1.41%   4.23%       1.41%\n",
      "trevor                          45.83%   45.83%      4.17%   4.17%       0.00%\n",
      "tristram                        30.63%   65.32%      0.00%   2.25%       1.80%\n",
      "trollikene                      28.28%   64.65%      1.01%   6.06%       0.00%\n",
      "turnipboy                       40.90%   55.52%      0.47%   2.18%       0.93%\n",
      "turnout8                        41.53%   55.91%      0.00%   1.76%       0.80%\n",
      "umbertofinito                   13.33%   84.44%      1.11%   0.00%       1.11%\n",
      "Vac58                           38.87%   57.09%      0.40%   2.83%       0.81%\n",
      "varanas                         34.25%   57.08%      0.00%   6.39%       2.28%\n",
      "ventuskitsune                   36.21%   61.32%      0.00%   1.23%       1.23%\n",
      "virus                           48.08%   51.92%      0.00%   0.00%       0.00%\n",
      "Vlady                           57.14%   42.86%      0.00%   0.00%       0.00%\n",
      "walliard                        30.36%   65.18%      0.89%   2.68%       0.89%\n",
      "warningtrack                    55.01%   36.67%      7.05%   1.13%       0.14%\n",
      "waterhouse                      42.33%   53.44%      0.00%   3.17%       1.06%\n",
      "Watermeat                       32.60%   62.50%      2.70%   1.47%       0.74%\n",
      "whitenoise                      35.94%   60.94%      1.56%   1.56%       0.00%\n",
      "wodar                           38.18%   56.97%      1.41%   2.83%       0.61%\n",
      "xemnes                          32.80%   64.80%      0.00%   2.40%       0.00%\n",
      "xryanmacx                       35.05%   61.68%      0.47%   2.34%       0.47%\n",
      "yeesh                           45.54%   50.50%      0.00%   1.98%       1.98%\n",
      "yerand                          38.66%   58.24%      0.00%   2.12%       0.98%\n",
      "Yglini                          32.46%   63.60%      0.00%   3.07%       0.88%\n",
      "yoric                           36.79%   61.32%      0.00%   1.89%       0.00%\n",
      "zerodoom                        31.48%   64.88%      0.00%   2.57%       1.07%\n"
     ]
    }
   ],
   "source": [
    "print(tabulate(all_data_table, all_headers, floatfmt=\"0.2%\"))"
   ]
  }
 ],
 "metadata": {
  "kernelspec": {
   "display_name": "Python 3",
   "language": "python",
   "name": "python3"
  },
  "language_info": {
   "codemirror_mode": {
    "name": "ipython",
    "version": 3
   },
   "file_extension": ".py",
   "mimetype": "text/x-python",
   "name": "python",
   "nbconvert_exporter": "python",
   "pygments_lexer": "ipython3",
   "version": "3.7.3"
  }
 },
 "nbformat": 4,
 "nbformat_minor": 2
}
